A = [2 4 6; 8 10 12]
B = [11 9; 7 5; 3 1]
ABans = A* B